13545390000
13545390001
13545390002
13545390003
13545390004
13545390005
13545390006
13545390007
13545390008
13545390009
13545390010
13545390011
13545390012
13545390013
13545390014
13545390015
13545390016
13545390017
13545390018
13545390019
13545390020
13545390021
13545390022
13545390023
13545390024
13545390025
13545390026
13545390027
13545390028
13545390029
13545390030
13545390031
13545390032
13545390033
13545390034
13545390035
13545390036
13545390037
13545390038
13545390039
13545390040
13545390041
13545390042
13545390043
13545390044
13545390045
13545390046
13545390047
13545390048
13545390049
13545390050
13545390051
13545390052
13545390053
13545390054
13545390055
13545390056
13545390057
13545390058
13545390059
13545390060
13545390061
13545390062
13545390063
13545390064
13545390065
13545390066
13545390067
13545390068
13545390069
13545390070
13545390071
13545390072
13545390073
13545390074
13545390075
13545390076
13545390077
13545390078
13545390079
13545390080
13545390081
13545390082
13545390083
13545390084
13545390085
13545390086
13545390087
13545390088
13545390089
13545390090
13545390091
13545390092
13545390093
13545390094
13545390095
13545390096
13545390097
13545390098
13545390099